46 94
47 115
50 135
54 155
59 175
70 193
85 209
102 222
125 224
149 222
168 210
186 196
199 178
207 157
211 137
214 115
215 94
56 80
68 69
84 66
100 68
116 72
138 72
156 67
173 65
190 68
202 80
128 86
128 99
128 112
129 126
113 136
120 138
128 140
136 138
143 136
75 92
84 85
96 85
106 91
95 95
84 96
150 92
160 85
172 86
181 92
173 96
161 95
99 170
109 159
121 154
128 156
135 154
146 161
156 172
145 179
134 182
126 183
118 182
108 178
106 169
120 164
128 165
135 165
149 171
134 168
127 169
119 168
