20 38 19
38 20 39
58 9 59
9 58 57
2 1 37
50 32 51
32 50 4
3 2 42
42 2 37
4 3 32
8 59 9
59 8 7
5 4 49
32 3 42
6 5 49
28 22 23
22 28 40
7 6 60
36 55 54
55 36 14
36 30 48
30 36 31
10 9 57
11 10 56
31 36 35
12 11 55
38 41 42
41 38 39
13 12 55
22 40 39
14 13 55
15 14 36
19 37 18
37 19 38
16 15 47
37 1 18
17 16 46
45 47 48
47 45 46
39 21 22
21 39 20
45 48 44
20 24 21
24 20 25
24 22 21
22 24 23
43 28 23
28 43 29
43 23 44
24 44 23
44 24 25
43 30 29
30 43 48
45 26 46
26 45 25
