41 95
43 114
47 133
50 151
56 170
68 186
87 197
107 207
129 210
152 207
173 197
192 185
205 169
211 150
213 130
214 112
213 92
56 76
69 68
84 65
99 67
114 71
142 71
155 66
170 65
184 67
195 75
128 86
128 98
128 109
128 122
115 132
122 135
129 137
136 135
142 133
74 90
84 84
96 84
106 91
95 93
84 94
151 91
161 85
172 85
181 90
172 94
162 93
96 157
109 151
121 148
129 150
137 148
149 152
162 158
149 165
137 169
128 170
120 169
108 165
102 158
121 157
129 158
137 158
156 159
137 158
128 159
120 158
