37 1 18
1 37 2
49 42 32
42 49 3
40 32 41
32 40 30
4 2 3
3 2 42
3 49 4
32 30 31
5 4 49
54 36 55
36 54 53
6 5 49
20 38 19
38 20 39
7 6 49
41 39 40
39 41 38
8 7 60
47 55 36
55 47 15
9 8 59
10 9 57
11 10 56
36 31 30
31 36 35
12 11 55
36 30 43
13 12 55
22 40 39
40 22 28
14 13 55
19 38 37
15 14 55
38 41 42
16 15 47
2 37 42
17 16 46
18 19 37
24 21 20
21 24 22
22 24 23
20 21 39
24 20 25
43 30 29
21 22 39
23 44 43
44 23 24
28 43 29
43 28 23
22 23 28
44 25 45
25 44 24
27 46 26
